-10.0	0.007397186301905817
-9.899497487437184	0.008399723161545254
-9.798994974874372	0.009536003683564645
-9.69849246231156	0.010821483607779294
-9.597989949748744	0.012276690527709569
-9.49748743718593	0.013926872122230592
-9.396984924623116	0.015801814809852394
-9.2964824120603	0.017936362822881795
-9.195979899497488	0.020371407093193693
-9.095477386934673	0.023155208829268074
-8.99497487437186	0.02634506065081594
-8.894472361809044	0.030009356443815024
-8.793969849246231	0.03423017968889575
-8.693467336683417	0.03910655363333553
-8.592964824120603	0.04475853425661297
-8.492462311557787	0.05133237107627209
-8.391959798994975	0.05900701091009048
-8.29145728643216	0.06800227198295904
-8.190954773869347	0.07858906121439138
-8.090452261306535	0.09110202802445663
-7.989949748743719	0.10595501025144682
-7.889447236180904	0.12365947448933326
-7.788944723618091	0.14484579176099846
-7.6884422110552775	0.17028648093257406
-7.5879396984924625	0.20091930805174454
-7.487437185929649	0.23786613493477418
-7.386934673366834	0.282440507935374
-7.2864321608040195	0.3361332663826799
-7.185929648241206	0.40056164154189355
-7.085427135678393	0.47736522326889463
-6.984924623115578	0.5680350532983315
-6.884422110552763	0.6736741966563078
-6.78391959798995	0.7947123609106004
-6.683417085427137	0.9306305820660814
-6.582914572864322	1.079781500750138
-6.482412060301507	1.2393942839360004
-6.381909547738694	1.4058127666800257
-6.281407035175879	1.5749364434103161
-6.180904522613066	1.742753163449778
-6.0804020100502525	1.9058168362436902
-5.9798994974874375	2.0615541267147566
-5.8793969849246235	2.208359032832692
-5.778894472361809	2.345508403622075
-5.678391959798996	2.4729715880825442
-5.5778894472361795	2.5911886759342506
-5.477386934673367	2.7008695724884197
-5.376884422110553	2.802838978155303
-5.276381909547738	2.897931505247414
-5.175879396984925	2.9869296518304758
-5.075376884422109	3.070533359503337
-4.974874371859297	3.1493503022543887
-4.874371859296483	3.2238983274065456
-4.773869346733669	3.294614057118005
-4.673366834170856	3.3618638572196766
-4.572864321608039	3.4259549929795443
-4.472361809045227	3.487145862996814
-4.371859296482413	3.5456548582250775
-4.271356783919597	3.6016677621633564
-4.170854271356784	3.655343794571677
-4.070351758793969	3.706820478792587
-3.9698492462311563	3.756217530590272
-3.8693467336683423	3.8036399543529824
-3.7688442211055277	3.8491805079366523
-3.668341708542715	3.8929216697766162
-3.5678391959798987	3.934937215798452
-3.4673366834170856	3.9752934910414166
-3.366834170854272	4.014050442246878
-3.2663316582914566	4.0512624627367675
-3.165829145728644	4.0869790892046405
-3.0653266331658284	4.121245580987175
-2.9648241206030153	4.154103405434798
-2.8643216080402016	4.1855906476908
-2.763819095477387	4.215742359138542
-2.6633165829145744	4.244590855685913
-2.562814070351758	4.272165974691842
-2.462311557788945	4.298495297524715
-2.3618090452261313	4.323604343341846
-2.261306532663316	4.347516738592361
-2.160804020100503	4.3702543658970905
-2.060301507537688	4.391837495291526
-1.9597989949748742	4.41228490028924
-1.859296482412061	4.431613960801327
-1.758793969849247	4.449840754608286
-1.6582914572864338	4.46698013880625
-1.557788944723618	4.483045822425381
-1.457286432160804	4.498050431234237
-1.3567839195979907	4.512005565591656
-1.2562814070351749	4.524921852080758
-1.1557788944723608	4.536808989553284
-1.0552763819095476	4.547675790122532
-0.9547738693467336	4.5575302155667
-0.8542713567839204	4.566379409538982
-0.7537688442211063	4.574229725924206
-0.6532663316582905	4.581086753632822
-0.5527638190954773	4.586955338079832
-0.4522613065326633	4.5918395995584635
-0.3517587939698501	4.595742948684193
-0.25125628140703427	4.5986680990543105
-0.1507537688442202	4.600617077240148
-0.05025125628140703	4.601591230203351
0.05025125628140614	4.601591230203352
0.1507537688442202	4.6006170772401465
0.25125628140703427	4.598668099054311
0.3517587939698501	4.595742948684194
0.45226130653266416	4.591839599558464
0.5527638190954764	4.586955338079836
0.6532663316582905	4.581086753632825
0.7537688442211063	4.574229725924208
0.8542713567839204	4.56637940953898
0.9547738693467345	4.5575302155667
1.0552763819095468	4.547675790122532
1.1557788944723608	4.536808989553286
1.2562814070351749	4.524921852080758
1.3567839195979907	4.512005565591658
1.4572864321608048	4.498050431234239
1.557788944723617	4.483045822425382
1.6582914572864311	4.466980138806251
1.758793969849247	4.449840754608287
1.859296482412061	4.43161396080133
1.959798994974875	4.412284900289243
2.0603015075376874	4.3918374952915284
2.1608040201005014	4.370254365897092
2.261306532663316	4.347516738592364
2.3618090452261313	4.323604343341846
2.4623115577889454	4.298495297524719
2.5628140703517595	4.272165974691843
2.6633165829145717	4.244590855685915
2.763819095477387	4.215742359138545
2.8643216080402016	4.185590647690798
2.9648241206030157	4.1541034054348005
3.0653266331658298	4.121245580987177
3.165829145728642	4.086979089204644
3.2663316582914566	4.051262462736768
3.366834170854272	4.0140504422468775
3.467336683417086	3.975293491041418
3.5678391959799	3.934937215798456
3.6683417085427124	3.8929216697766202
3.7688442211055277	3.8491805079366523
3.8693467336683423	3.8036399543529824
3.9698492462311563	3.756217530590273
4.07035175879397	3.706820478792588
4.170854271356783	3.6553437945716785
4.271356783919597	3.6016677621633573
4.371859296482413	3.5456548582250784
4.472361809045227	3.487145862996815
4.572864321608041	3.425954992979544
4.673366834170853	3.3618638572196797
4.773869346733669	3.294614057118007
4.874371859296483	3.223898327406547
4.974874371859297	3.149350302254389
5.075376884422111	3.070533359503337
5.175879396984923	2.9869296518304784
5.276381909547737	2.8979315052474157
5.376884422110553	2.802838978155304
5.477386934673367	2.7008695724884193
5.577889447236181	2.5911886759342497
5.678391959798994	2.4729715880825482
5.778894472361809	2.345508403622075
5.8793969849246235	2.2083590328326945
5.9798994974874375	2.0615541267147566
6.0804020100502525	1.905816836243691
6.180904522613065	1.7427531634497797
6.281407035175878	1.5749364434103177
6.381909547738694	1.4058127666800257
6.482412060301507	1.2393942839360004
6.582914572864322	1.0797815007501392
6.683417085427134	0.9306305820660857
6.78391959798995	0.7947123609106012
6.884422110552763	0.6736741966563081
6.984924623115578	0.5680350532983317
7.085427135678393	0.4773652232688945
7.185929648241205	0.4005616415418943
7.286432160804019	0.3361332663826803
7.386934673366834	0.2824405079353739
7.487437185929649	0.23786613493477432
7.5879396984924625	0.20091930805174457
7.688442211055278	0.17028648093257379
7.788944723618091	0.14484579176099857
7.889447236180904	0.12365947448933338
7.989949748743719	0.10595501025144688
8.090452261306535	0.09110202802445665
8.190954773869347	0.07858906121439135
8.29145728643216	0.06800227198295905
8.391959798994975	0.05900701091009044
8.492462311557787	0.05133237107627209
8.592964824120603	0.044758534256612977
8.693467336683419	0.03910655363333542
8.793969849246231	0.034230179688895766
8.894472361809044	0.030009356443815045
8.99497487437186	0.026345060650815978
9.095477386934675	0.023155208829268047
9.195979899497488	0.020371407093193693
9.2964824120603	0.01793636282288179
9.396984924623116	0.015801814809852387
9.497487437185931	0.013926872122230542
9.597989949748744	0.012276690527709562
9.69849246231156	0.010821483607779295
9.798994974874372	0.009536003683564645
9.899497487437184	0.008399723161545252
10.0	0.007397186301905805
